00000000000000010001000000100000
00000000000000010001000000100000
00000000000000010001000000100000
00000000000000010001000000100000
00100000000000110000000000001001
00000000011000110010000000100000
00000000000000010001000000100000
00000000001001000010100000100100
00000000000000010001000000100000
00110000101001100000000001111111
00000000000000010001000000100000
00000000000001100011100000100101
00000000000000010001000000100000
00000000000001110100000000101010
00000000000000010001000000100000
00000000010000010010000000100010
00000000000000010001000000100000
00000000000000010001000000100000
00000000000000010001000000100000